0000000000000000000000000
0011000011111111111031100
0111111110101010000000110
0100000010101010000000100
0111111010101010111011110
0100001010101010100000010
0100001011111110111110110
0100001000000010101010010
0111111101101110101010110
0000001101101110101010010
0211101001101000101010110
0100101001101000101011110
0100101001001000101000010
0100101101011111101011110
0100101101000000001010010
0110100111000001111010010
0110100111111111000010110
0010101100000001111010100
0110001101111000001011110
0111111101111111111010010
0000100001101110101011010
0111101111101010101001010
0110101000101010101011010
0110101000101010101010010
0110101000101010101011010
0110101000101010100001010
0000101111111110100111110
0111101000000000100100100
0110101111111111111111110
0000000000000000000000000